Data set: C:/Users/kathy/OneDrive - Dalhousie University/Graduate School/NMR/RustNMRfit/13C-22July11-VANB-1-vial 465/5/pdata/1/

Fit type: Mixed Lorentzian and Gaussian

Fit        Frequency             Width        Intensity       Area     %Lor.
         ppm        Hz        ppm         Hz                           chisq

  1                                                                    5e+16

      206.535  20780.03    0.04750      4.779     27.771   2360.876    100.00
STD:    0.000      0.00    0.00010      0.010      0.040

      206.199  20746.25    0.02176      2.190     12.763    497.121    100.00
STD:    0.000      0.01    0.00014      0.014      0.059


  2                                                                  3.5e+14

      190.676  19184.46    0.02548      2.564     14.352    654.631    100.00
STD:    0.000      0.00    0.00001      0.001      0.003


  3                                                                  3.4e+14

      152.683  15361.89    0.02452      2.467     14.614    641.415    100.00
STD:    0.000      0.00    0.00001      0.001      0.003


  4                                                                  3.3e+14

      148.051  14895.84    0.02440      2.455     14.651    639.841    100.00
STD:    0.000      0.00    0.00001      0.001      0.004


  5                                                                  4.1e+14

      129.820  13061.55    0.02365      2.380     15.086    638.631    100.00
STD:    0.000      0.00    0.00001      0.001      0.004


  6                                                                    2e+14

      126.383  12715.72    0.03191      3.210     11.343    647.762    100.00
STD:    0.000      0.00    0.00001      0.001      0.003


  7                                                                  1.9e+14

      115.189  11589.45    0.02622      2.638     13.769    646.172    100.00
STD:    0.000      0.00    0.00001      0.001      0.003


  8                                                                  3.7e+14

      110.189  11086.39    0.03281      3.301     11.018    647.016    100.00
STD:    0.000      0.00    0.00001      0.001      0.002


  9                                                                  4.3e+14

       55.583   5592.33    0.02569      2.585     14.198    652.891    100.00
STD:    0.000      0.00    0.00001      0.001      0.002


 10                                                                  4.1e+16

       29.903   3008.64    0.02262      2.275     25.211   1020.455    100.00
STD:    0.000      0.00    0.00005      0.005      0.041

       29.539   2972.04    0.02772      2.789      9.599    476.259    100.00
STD:    0.000      0.01    0.00015      0.015      0.037

       29.347   2952.67    0.02708      2.725     19.270    934.038    100.00
STD:    0.000      0.00    0.00007      0.007      0.037

       29.154   2933.30    0.02706      2.723     22.419   1085.957    100.00
STD:    0.000      0.00    0.00006      0.006      0.037

       28.962   2913.93    0.02694      2.711     19.241    927.788    100.00
STD:    0.000      0.00    0.00007      0.007      0.037

       28.769   2894.56    0.02692      2.708      9.595    462.278    100.00
STD:    0.000      0.01    0.00015      0.015      0.037

