Data set: C:/Users/kathy/OneDrive - Dalhousie University/Graduate School/NMR/RustNMRfit/13C-23Feb16-VANA-1-vial 240/8/pdata/1/

Fit type: Mixed Lorentzian and Gaussian

Fit        Frequency             Width        Intensity       Area     %Lor.
         ppm        Hz        ppm         Hz                           chisq

  1                                                                  8.2e+16

      206.513  20777.84    0.04730      4.759     34.861   2951.349    100.00
STD:    0.000      0.00    0.00010      0.010      0.052


  2                                                                  4.5e+14

      190.669  19183.74    0.02522      2.537     14.350    647.712    100.00
STD:    0.000      0.00    0.00001      0.001      0.003


  3                                                                  4.2e+14

      152.675  15361.07    0.02425      2.440     14.608    634.059    100.00
STD:    0.000      0.00    0.00001      0.001      0.003


  4                                                                  3.2e+14

      148.046  14895.32    0.02408      2.422     14.681    632.644    100.00
STD:    0.000      0.00    0.00001      0.001      0.004


  5                                                                  4.3e+14

      129.820  13061.59    0.02339      2.354     15.085    631.541    100.00
STD:    0.000      0.00    0.00001      0.001      0.005


  6                                                                  1.6e+14

      126.382  12715.65    0.03185      3.205     11.166    636.609    100.00
STD:    0.000      0.00    0.00001      0.001      0.003


  7                                                                  1.9e+14

      115.183  11588.84    0.02592      2.608     13.734    637.189    100.00
STD:    0.000      0.00    0.00001      0.001      0.003


  8                                                                  4.1e+14

      110.172  11084.71    0.03284      3.304     10.846    637.480    100.00
STD:    0.000      0.00    0.00001      0.001      0.002


  9                                                                  4.2e+14

       55.574   5591.43    0.02537      2.553     13.872    629.965    100.00
STD:    0.000      0.00    0.00001      0.001      0.002


 10                                                                  1.6e+15

       29.728   2991.03    0.02606      2.622      4.107    191.550    100.00
STD:    0.000      0.00    0.00007      0.007      0.007

       29.536   2971.66    0.02663      2.679     12.168    579.906    100.00
STD:    0.000      0.00    0.00002      0.002      0.007

       29.343   2952.29    0.02669      2.685     24.317   1161.418    100.00
STD:    0.000      0.00    0.00001      0.001      0.007

       29.151   2932.92    0.02680      2.696     28.269   1355.695    100.00
STD:    0.000      0.00    0.00001      0.001      0.007

       28.958   2913.55    0.02673      2.689     24.264   1160.624    100.00
STD:    0.000      0.00    0.00001      0.001      0.007

       28.765   2894.17    0.02672      2.688     12.115    579.310    100.00
STD:    0.000      0.00    0.00002      0.002      0.007

       28.573   2874.80    0.02641      2.657      4.081    192.865    100.00
STD:    0.000      0.00    0.00007      0.007      0.007

