Data set: C:/Users/kathy/OneDrive - Dalhousie University/Graduate School/NMR/RustNMRfit/13C-23Feb16-VANA-1-vial 240/4/pdata/1/

Fit type: Mixed Lorentzian and Gaussian

Fit        Frequency             Width        Intensity       Area     %Lor.
         ppm        Hz        ppm         Hz                           chisq

  1                                                                  8.2e+16

      206.508  20777.39    0.04735      4.764     35.034   2968.851    100.00
STD:    0.000      0.00    0.00010      0.010      0.052


  2                                                                  3.8e+14

      190.667  19183.56    0.02531      2.546     14.339    649.482    100.00
STD:    0.000      0.00    0.00001      0.001      0.003


  3                                                                  3.5e+14

      152.675  15361.07    0.02432      2.446     14.626    636.527    100.00
STD:    0.000      0.00    0.00001      0.001      0.003


  4                                                                  3.1e+14

      148.046  14895.33    0.02421      2.436     14.699    636.865    100.00
STD:    0.000      0.00    0.00001      0.001      0.004


  5                                                                  4.2e+14

      129.821  13061.62    0.02344      2.358     15.082    632.673    100.00
STD:    0.000      0.00    0.00001      0.001      0.005


  6                                                                  1.7e+14

      126.381  12715.55    0.03191      3.210     11.163    637.470    100.00
STD:    0.000      0.00    0.00001      0.001      0.003


  7                                                                  2.1e+14

      115.182  11588.81    0.02596      2.612     13.751    638.892    100.00
STD:    0.000      0.00    0.00001      0.001      0.004


  8                                                                  3.9e+14

      110.172  11084.68    0.03287      3.307     10.871    639.498    100.00
STD:    0.000      0.00    0.00001      0.001      0.002


  9                                                                  4.5e+14

       55.573   5591.39    0.02543      2.559     13.891    632.376    100.00
STD:    0.000      0.00    0.00001      0.001      0.002


 10                                                                  1.7e+15

       29.727   2990.96    0.02625      2.641      4.115    193.330    100.00
STD:    0.000      0.00    0.00007      0.007      0.007

       29.535   2971.59    0.02669      2.685     12.210    583.245    100.00
STD:    0.000      0.00    0.00002      0.002      0.007

       29.342   2952.23    0.02673      2.690     24.427   1168.680    100.00
STD:    0.000      0.00    0.00001      0.001      0.007

       29.150   2932.85    0.02684      2.701     28.414   1365.178    100.00
STD:    0.000      0.00    0.00001      0.001      0.007

       28.957   2913.48    0.02677      2.694     24.386   1168.493    100.00
STD:    0.000      0.00    0.00001      0.001      0.007

       28.765   2894.11    0.02678      2.695     12.151    582.423    100.00
STD:    0.000      0.00    0.00002      0.002      0.007

       28.572   2874.74    0.02653      2.669      4.083    193.872    100.00
STD:    0.000      0.00    0.00007      0.007      0.007

