Data set: C:/Users/kathy/OneDrive - Dalhousie University/Graduate School/NMR/RustNMRfit/13C-22July11-VANB-1-vial 465/7/pdata/1/

Fit type: Mixed Lorentzian and Gaussian

Fit        Frequency             Width        Intensity       Area     %Lor.
         ppm        Hz        ppm         Hz                           chisq

  1                                                                    5e+16

      206.537  20780.25    0.04748      4.777     27.610   2346.349    100.00
STD:    0.000      0.00    0.00010      0.010      0.040

      206.201  20746.48    0.02172      2.185     12.707    493.874    100.00
STD:    0.000      0.01    0.00014      0.014      0.059


  2                                                                    4e+14

      190.677  19184.55    0.02546      2.562     14.312    652.191    100.00
STD:    0.000      0.00    0.00001      0.001      0.003


  3                                                                  3.7e+14

      152.683  15361.89    0.02452      2.467     14.582    640.048    100.00
STD:    0.000      0.00    0.00001      0.001      0.003


  4                                                                    3e+14

      148.051  14895.83    0.02436      2.451     14.626    637.761    100.00
STD:    0.000      0.00    0.00001      0.001      0.004


  5                                                                  4.4e+14

      129.820  13061.53    0.02361      2.375     15.083    637.278    100.00
STD:    0.000      0.00    0.00001      0.001      0.005


  6                                                                  1.7e+14

      126.383  12715.77    0.03188      3.207     11.300    644.707    100.00
STD:    0.000      0.00    0.00001      0.001      0.003


  7                                                                  1.9e+14

      115.189  11589.46    0.02616      2.632     13.734    643.033    100.00
STD:    0.000      0.00    0.00001      0.001      0.003


  8                                                                  3.9e+14

      110.189  11086.40    0.03269      3.289     10.990    643.036    100.00
STD:    0.000      0.00    0.00001      0.001      0.002


  9                                                                    4e+14

       55.583   5592.34    0.02560      2.576     14.160    648.798    100.00
STD:    0.000      0.00    0.00001      0.001      0.002


 10                                                                  4.1e+16

       29.903   3008.67    0.02254      2.268     25.098   1012.519    100.00
STD:    0.000      0.00    0.00005      0.005      0.040

       29.540   2972.08    0.02762      2.779      9.535    471.320    100.00
STD:    0.000      0.01    0.00015      0.015      0.036

       29.347   2952.71    0.02705      2.722     19.164    927.833    100.00
STD:    0.000      0.00    0.00007      0.007      0.037

       29.155   2933.33    0.02703      2.720     22.298   1078.707    100.00
STD:    0.000      0.00    0.00006      0.006      0.037

       28.962   2913.96    0.02687      2.703     19.156    921.102    100.00
STD:    0.000      0.00    0.00007      0.007      0.037

       28.770   2894.59    0.02692      2.709      9.573    461.278    100.00
STD:    0.000      0.01    0.00015      0.015      0.037

