Data set: C:/Users/kathy/OneDrive - Dalhousie University/Graduate School/NMR/RustNMRfit/13C-VAN-1 exp 4-9/8/pdata/1/

Fit type: Mixed Lorentzian and Gaussian

Fit        Frequency             Width        Intensity       Area     %Lor.
         ppm        Hz        ppm         Hz                           chisq

  1                                                                  4.7e+16

      206.524  20778.93    0.04938      4.968     28.699   2536.342    100.00
STD:    0.000      0.00    0.00010      0.010      0.041

      206.189  20745.28    0.02340      2.355     12.658    530.185    100.00
STD:    0.000      0.01    0.00016      0.016      0.059


  2                                                                  1.7e+15

      190.671  19183.97    0.02739      2.756     14.237    697.956    100.00
STD:    0.000      0.00    0.00002      0.002      0.006


  3                                                                  1.6e+15

      152.683  15361.86    0.02642      2.658     14.461    683.796    100.00
STD:    0.000      0.00    0.00002      0.002      0.006


  4                                                                  1.6e+15

      148.051  14895.79    0.02628      2.645     14.532    683.620    100.00
STD:    0.000      0.00    0.00002      0.002      0.009


  5                                                                  1.6e+15

      129.819  13061.44    0.02547      2.562     14.915    679.773    100.00
STD:    0.000      0.00    0.00002      0.002      0.009


  6                                                                  6.9e+14

      126.379  12715.37    0.03400      3.421     11.317    688.742    100.00
STD:    0.000      0.00    0.00003      0.003      0.006


  7                                                                  1.1e+15

      115.187  11589.27    0.02813      2.831     13.659    687.762    100.00
STD:    0.000      0.00    0.00002      0.002      0.009


  8                                                                  8.3e+14

      110.187  11086.24    0.03481      3.503     11.073    689.908    100.00
STD:    0.000      0.00    0.00002      0.002      0.003


  9                                                                  1.2e+15

       55.581   5592.13    0.02754      2.771     13.922    686.190    100.00
STD:    0.000      0.00    0.00001      0.001      0.004


 10                                                                  4.4e+16

       29.901   3008.40    0.02441      2.456     25.132   1098.082    100.00
STD:    0.000      0.00    0.00006      0.006      0.043

       29.537   2971.79    0.02981      2.999      9.642    514.472    100.00
STD:    0.000      0.01    0.00017      0.017      0.039

       29.344   2952.42    0.02887      2.905     19.419   1003.347    100.00
STD:    0.000      0.00    0.00008      0.008      0.040

       29.152   2933.05    0.02891      2.908     22.590   1168.709    100.00
STD:    0.000      0.00    0.00007      0.007      0.040

       28.959   2913.68    0.02864      2.881     19.358    992.175    100.00
STD:    0.000      0.00    0.00008      0.008      0.040

       28.767   2894.30    0.02851      2.868      9.651    492.477    100.00
STD:    0.000      0.01    0.00017      0.017      0.040

