Data set: C:/Users/kathy/OneDrive - Dalhousie University/Graduate School/NMR/RustNMRfit/13C-22July11-VANB-1-vial 465/8/pdata/1/

Fit type: Mixed Lorentzian and Gaussian

Fit        Frequency             Width        Intensity       Area     %Lor.
         ppm        Hz        ppm         Hz                           chisq

  1                                                                    5e+16

      206.538  20780.38    0.04746      4.775     27.594   2343.822    100.00
STD:    0.000      0.00    0.00010      0.010      0.040

      206.203  20746.61    0.02166      2.179     12.704    492.434    100.00
STD:    0.000      0.01    0.00014      0.014      0.059


  2                                                                  3.9e+14

      190.678  19184.61    0.02544      2.560     14.311    651.598    100.00
STD:    0.000      0.00    0.00001      0.001      0.003


  3                                                                  3.7e+14

      152.683  15361.90    0.02448      2.463     14.593    639.368    100.00
STD:    0.000      0.00    0.00001      0.001      0.003


  4                                                                  2.9e+14

      148.051  14895.83    0.02433      2.448     14.610    636.287    100.00
STD:    0.000      0.00    0.00001      0.001      0.004


  5                                                                    4e+14

      129.820  13061.53    0.02352      2.367     15.095    635.506    100.00
STD:    0.000      0.00    0.00001      0.001      0.004


  6                                                                  1.6e+14

      126.384  12715.81    0.03178      3.198     11.310    643.305    100.00
STD:    0.000      0.00    0.00001      0.001      0.003


  7                                                                  1.9e+14

      115.189  11589.47    0.02606      2.622     13.737    640.784    100.00
STD:    0.000      0.00    0.00001      0.001      0.003


  8                                                                  3.7e+14

      110.189  11086.42    0.03264      3.284     10.992    642.150    100.00
STD:    0.000      0.00    0.00001      0.001      0.002


  9                                                                  4.1e+14

       55.583   5592.36    0.02559      2.575     14.158    648.555    100.00
STD:    0.000      0.00    0.00001      0.001      0.002


 10                                                                  4.2e+16

       29.904   3008.70    0.02257      2.271     25.086   1013.329    100.00
STD:    0.000      0.00    0.00005      0.005      0.040

       29.540   2972.10    0.02778      2.795      9.544    474.509    100.00
STD:    0.000      0.01    0.00015      0.015      0.036

       29.347   2952.73    0.02704      2.721     19.169    927.780    100.00
STD:    0.000      0.00    0.00007      0.007      0.037

       29.155   2933.36    0.02699      2.716     22.282   1076.344    100.00
STD:    0.000      0.00    0.00006      0.006      0.037

       28.962   2913.99    0.02681      2.698     19.123    917.758    100.00
STD:    0.000      0.00    0.00007      0.007      0.037

       28.770   2894.61    0.02676      2.692      9.542    456.979    100.00
STD:    0.000      0.01    0.00015      0.015      0.037

