Data set: C:/Users/kathy/OneDrive - Dalhousie University/Graduate School/NMR/RustNMRfit/13C-22July09-VANB-1-vial 585/9/pdata/1/

Fit type: Mixed Lorentzian and Gaussian

Fit        Frequency             Width        Intensity       Area     %Lor.
         ppm        Hz        ppm         Hz                           chisq

  1                                                                  4.2e+16

      206.523  20778.88    0.05026      5.057     29.043   2612.683    100.00
STD:    0.000      0.00    0.00010      0.010      0.040

      206.189  20745.24    0.02398      2.413     12.510    537.003    100.00
STD:    0.000      0.01    0.00016      0.016      0.058


  2                                                                  1.9e+15

      190.671  19183.98    0.02824      2.841     14.174    716.351    100.00
STD:    0.000      0.00    0.00002      0.002      0.006


  3                                                                  2.1e+15

      152.683  15361.88    0.02729      2.746     14.423    704.509    100.00
STD:    0.000      0.00    0.00002      0.002      0.007


  4                                                                  2.1e+15

      148.051  14895.77    0.02711      2.727     14.423    699.767    100.00
STD:    0.000      0.00    0.00003      0.003      0.010


  5                                                                  2.2e+15

      129.818  13061.40    0.02623      2.640     14.868    698.136    100.00
STD:    0.000      0.00    0.00003      0.003      0.011


  6                                                                  1.1e+15

      126.379  12715.39    0.03500      3.522     11.394    713.825    100.00
STD:    0.000      0.00    0.00004      0.004      0.008


  7                                                                  1.7e+15

      115.187  11589.29    0.02899      2.917     13.667    709.172    100.00
STD:    0.000      0.00    0.00003      0.003      0.010


  8                                                                  1.2e+15

      110.187  11086.21    0.03578      3.600     11.135    713.144    100.00
STD:    0.000      0.00    0.00002      0.002      0.004


  9                                                                  2.1e+15

       55.581   5592.15    0.02826      2.843     14.108    713.554    100.00
STD:    0.000      0.00    0.00002      0.002      0.005


 10                                                                    5e+16

       29.901   3008.42    0.02501      2.516     24.866   1113.002    100.00
STD:    0.000      0.00    0.00007      0.007      0.047

       29.537   2971.79    0.03031      3.050      9.614    521.580    100.00
STD:    0.000      0.01    0.00019      0.019      0.043

       29.344   2952.42    0.02962      2.981     19.375   1027.279    100.00
STD:    0.000      0.00    0.00009      0.009      0.043

       29.152   2933.05    0.02974      2.992     22.555   1200.517    100.00
STD:    0.000      0.00    0.00008      0.008      0.043

       28.959   2913.68    0.02974      2.992     19.345   1029.683    100.00
STD:    0.000      0.00    0.00009      0.010      0.043

       28.767   2894.30    0.02998      3.017      9.650    517.852    100.00
STD:    0.000      0.01    0.00019      0.019      0.043

