H
#frequency    half width   %gauss/100.
20778.902      5.74            0.0
20745.246      2.38            0.0
19184.004      2.65            0.0
15361.907      2.47            0.0
14895.800      2.56            0.0
13061.419      2.47            0.0
12715.430      3.27            0.0
11589.315      2.74            0.0
11086.260      3.44            0.0
5592.185       2.74            0.0
3008.438       2.30            0.0
2971.824       3.00            0.0
2952.453       2.91            0.0
2933.081       2.91            0.0
2913.708       2.91            0.0
2894.338       2.91            0.0
