Data set: C:/Users/kathy/OneDrive - Dalhousie University/Graduate School/NMR/RustNMRfit/13C-VAN-1 exp 4-9/6/pdata/1/

Fit type: Mixed Lorentzian and Gaussian

Fit        Frequency             Width        Intensity       Area     %Lor.
         ppm        Hz        ppm         Hz                           chisq

  1                                                                  4.6e+16

      206.522  20778.77    0.04932      4.962     28.829   2544.593    100.00
STD:    0.000      0.00    0.00010      0.010      0.041

      206.187  20745.09    0.02312      2.326     12.695    525.257    100.00
STD:    0.000      0.01    0.00015      0.015      0.059


  2                                                                  1.3e+15

      190.671  19183.91    0.02737      2.754     14.261    698.551    100.00
STD:    0.000      0.00    0.00001      0.001      0.005


  3                                                                  1.3e+15

      152.683  15361.87    0.02641      2.657     14.467    683.790    100.00
STD:    0.000      0.00    0.00002      0.002      0.006


  4                                                                  1.4e+15

      148.051  14895.80    0.02619      2.636     14.520    680.726    100.00
STD:    0.000      0.00    0.00002      0.002      0.008


  5                                                                  1.4e+15

      129.819  13061.46    0.02543      2.558     14.922    679.071    100.00
STD:    0.000      0.00    0.00002      0.002      0.009


  6                                                                  7.1e+14

      126.379  12715.33    0.03409      3.430     11.320    690.728    100.00
STD:    0.000      0.00    0.00003      0.003      0.006


  7                                                                  1.1e+15

      115.187  11589.26    0.02811      2.829     13.668    687.742    100.00
STD:    0.000      0.00    0.00002      0.002      0.008


  8                                                                  8.6e+14

      110.187  11086.22    0.03488      3.509     11.084    691.845    100.00
STD:    0.000      0.00    0.00002      0.002      0.003


  9                                                                  1.5e+15

       55.580   5592.09    0.02753      2.770     13.932    686.389    100.00
STD:    0.000      0.00    0.00001      0.001      0.004


 10                                                                  4.7e+16

       29.900   3008.35    0.02428      2.443     25.170   1093.939    100.00
STD:    0.000      0.00    0.00006      0.006      0.045

       29.536   2971.73    0.02950      2.968      9.676    510.863    100.00
STD:    0.000      0.01    0.00018      0.018      0.041

       29.344   2952.36    0.02879      2.897     19.445   1001.939    100.00
STD:    0.000      0.00    0.00009      0.009      0.041

       29.151   2932.99    0.02890      2.907     22.646   1171.210    100.00
STD:    0.000      0.00    0.00007      0.008      0.041

       28.959   2913.62    0.02883      2.901     19.428   1002.567    100.00
STD:    0.000      0.00    0.00009      0.009      0.041

       28.766   2894.25    0.02899      2.917      9.690    502.816    100.00
STD:    0.000      0.01    0.00018      0.018      0.041

