Data set: C:/Users/kathy/OneDrive - Dalhousie University/Graduate School/NMR/RustNMRfit/13C-23Feb16-VANA-1-vial 240/9/pdata/1/

Fit type: Mixed Lorentzian and Gaussian

Fit        Frequency             Width        Intensity       Area     %Lor.
         ppm        Hz        ppm         Hz                           chisq

  1                                                                  8.1e+16

      206.514  20777.90    0.04733      4.762     34.840   2951.318    100.00
STD:    0.000      0.00    0.00010      0.010      0.051


  2                                                                  3.9e+14

      190.669  19183.77    0.02530      2.546     14.345    649.640    100.00
STD:    0.000      0.00    0.00001      0.001      0.003


  3                                                                  3.8e+14

      152.675  15361.06    0.02426      2.441     14.616    634.626    100.00
STD:    0.000      0.00    0.00001      0.001      0.003


  4                                                                  3.1e+14

      148.046  14895.31    0.02412      2.427     14.691    634.188    100.00
STD:    0.000      0.00    0.00001      0.001      0.004


  5                                                                  3.9e+14

      129.820  13061.58    0.02340      2.354     15.085    631.781    100.00
STD:    0.000      0.00    0.00001      0.001      0.004


  6                                                                  1.6e+14

      126.382  12715.67    0.03186      3.205     11.176    637.263    100.00
STD:    0.000      0.00    0.00001      0.001      0.003


  7                                                                  1.8e+14

      115.183  11588.84    0.02596      2.612     13.758    639.172    100.00
STD:    0.000      0.00    0.00001      0.001      0.003


  8                                                                  3.7e+14

      110.172  11084.71    0.03281      3.301     10.863    637.939    100.00
STD:    0.000      0.00    0.00001      0.001      0.002


  9                                                                    4e+14

       55.574   5591.44    0.02538      2.554     13.886    630.864    100.00
STD:    0.000      0.00    0.00001      0.001      0.002


 10                                                                  1.7e+15

       29.728   2991.05    0.02649      2.665      4.099    194.327    100.00
STD:    0.000      0.00    0.00007      0.007      0.007

       29.536   2971.68    0.02683      2.700     12.162    584.083    100.00
STD:    0.000      0.00    0.00002      0.002      0.007

       29.343   2952.31    0.02677      2.694     24.304   1164.646    100.00
STD:    0.000      0.00    0.00001      0.001      0.007

       29.151   2932.94    0.02682      2.698     28.258   1356.355    100.00
STD:    0.000      0.00    0.00001      0.001      0.007

       28.958   2913.57    0.02669      2.685     24.233   1157.537    100.00
STD:    0.000      0.00    0.00001      0.001      0.007

       28.766   2894.20    0.02660      2.676     12.096    575.807    100.00
STD:    0.000      0.00    0.00002      0.002      0.007

       28.573   2874.82    0.02611      2.627      4.064    189.926    100.00
STD:    0.000      0.00    0.00007      0.007      0.008

