Data set: C:/Users/kathy/OneDrive - Dalhousie University/Graduate School/NMR/RustNMRfit/13C-22July09-VANB-1-vial 585/6/pdata/1/

Fit type: Mixed Lorentzian and Gaussian

Fit        Frequency             Width        Intensity       Area     %Lor.
         ppm        Hz        ppm         Hz                           chisq

  1                                                                  4.2e+16

      206.520  20778.55    0.05034      5.065     29.169   2627.985    100.00
STD:    0.000      0.00    0.00010      0.010      0.040

      206.186  20744.90    0.02404      2.418     12.524    538.783    100.00
STD:    0.000      0.01    0.00016      0.016      0.057


  2                                                                  1.9e+15

      190.670  19183.85    0.02827      2.845     14.168    716.977    100.00
STD:    0.000      0.00    0.00002      0.002      0.006


  3                                                                    2e+15

      152.683  15361.89    0.02733      2.750     14.405    704.719    100.00
STD:    0.000      0.00    0.00002      0.002      0.007


  4                                                                  1.9e+15

      148.051  14895.79    0.02713      2.730     14.428    700.551    100.00
STD:    0.000      0.00    0.00003      0.003      0.010


  5                                                                  2.1e+15

      129.819  13061.42    0.02631      2.647     14.866    700.008    100.00
STD:    0.000      0.00    0.00003      0.003      0.011


  6                                                                    1e+15

      126.379  12715.32    0.03496      3.517     11.405    713.580    100.00
STD:    0.000      0.00    0.00003      0.003      0.008


  7                                                                  1.7e+15

      115.187  11589.27    0.02902      2.920     13.657    709.312    100.00
STD:    0.000      0.00    0.00003      0.003      0.011


  8                                                                  1.2e+15

      110.187  11086.19    0.03589      3.611     11.139    715.451    100.00
STD:    0.000      0.00    0.00002      0.002      0.004


  9                                                                    2e+15

       55.581   5592.12    0.02845      2.863     14.085    717.315    100.00
STD:    0.000      0.00    0.00002      0.002      0.005


 10                                                                    5e+16

       29.901   3008.37    0.02509      2.524     24.926   1119.177    100.00
STD:    0.000      0.00    0.00007      0.007      0.047

       29.536   2971.75    0.03035      3.053      9.663    524.850    100.00
STD:    0.000      0.01    0.00019      0.019      0.043

       29.344   2952.38    0.02965      2.984     19.462   1032.947    100.00
STD:    0.000      0.00    0.00009      0.009      0.043

       29.151   2933.00    0.02985      3.003     22.632   1209.044    100.00
STD:    0.000      0.00    0.00008      0.008      0.043

       28.959   2913.63    0.02980      2.999     19.410   1035.325    100.00
STD:    0.000      0.00    0.00009      0.010      0.043

       28.766   2894.26    0.03000      3.018      9.690    520.268    100.00
STD:    0.000      0.01    0.00019      0.019      0.043

