H
#frequency    half width   %gauss/100.
20778.565      5.74            0.0
20744.913      2.30            0.0
19183.869      2.56            0.0
15361.913      2.56            0.0
14895.818      2.47            0.0
13061.442      2.47            0.0
12715.357      3.36            0.0
11589.299      2.74            0.0
11086.234      3.44            0.0
5592.156       2.65            0.0
3008.391       2.38            0.0
2971.779       2.91            0.0
2952.406       2.91            0.0
2933.036       2.91            0.0
2913.663       2.91            0.0
2894.293       3.00            0.0
