Data set: C:/Users/kathy/OneDrive - Dalhousie University/Graduate School/NMR/RustNMRfit/13C-22July09-VANB-1-vial 585/5/pdata/1/

Fit type: Mixed Lorentzian and Gaussian

Fit        Frequency             Width        Intensity       Area     %Lor.
         ppm        Hz        ppm         Hz                           chisq

  1                                                                  4.1e+16

      206.519  20778.43    0.05036      5.067     29.211   2633.101    100.00
STD:    0.000      0.00    0.00010      0.010      0.039

      206.184  20744.78    0.02389      2.404     12.553    536.796    100.00
STD:    0.000      0.01    0.00015      0.015      0.057


  2                                                                  1.7e+15

      190.670  19183.80    0.02840      2.857     14.168    720.072    100.00
STD:    0.000      0.00    0.00002      0.002      0.006


  3                                                                  1.8e+15

      152.683  15361.90    0.02733      2.750     14.392    704.097    100.00
STD:    0.000      0.00    0.00002      0.002      0.007


  4                                                                  1.9e+15

      148.051  14895.81    0.02724      2.741     14.402    702.223    100.00
STD:    0.000      0.00    0.00003      0.003      0.010


  5                                                                    2e+15

      129.819  13061.44    0.02635      2.651     14.859    700.837    100.00
STD:    0.000      0.00    0.00003      0.003      0.010


  6                                                                  9.6e+14

      126.379  12715.30    0.03514      3.536     11.388    716.328    100.00
STD:    0.000      0.00    0.00003      0.003      0.008


  7                                                                  1.6e+15

      115.187  11589.27    0.02911      2.928     13.652    711.169    100.00
STD:    0.000      0.00    0.00003      0.003      0.010


  8                                                                  1.1e+15

      110.187  11086.19    0.03588      3.610     11.124    714.394    100.00
STD:    0.000      0.00    0.00002      0.002      0.004


  9                                                                  2.1e+15

       55.581   5592.11    0.02847      2.864     14.085    717.626    100.00
STD:    0.000      0.00    0.00002      0.002      0.005


 10                                                                    5e+16

       29.900   3008.35    0.02514      2.529     24.914   1120.848    100.00
STD:    0.000      0.00    0.00007      0.007      0.047

       29.536   2971.73    0.03035      3.054      9.663    524.896    100.00
STD:    0.000      0.01    0.00019      0.019      0.043

       29.344   2952.35    0.02974      2.993     19.451   1035.448    100.00
STD:    0.000      0.00    0.00009      0.010      0.044

       29.151   2932.98    0.02988      3.006     22.626   1209.917    100.00
STD:    0.000      0.00    0.00008      0.008      0.043

       28.959   2913.61    0.02985      3.004     19.402   1036.682    100.00
STD:    0.000      0.00    0.00010      0.010      0.043

       28.766   2894.24    0.03006      3.024      9.697    521.648    100.00
STD:    0.000      0.01    0.00019      0.019      0.043

