H
#frequency    half width   %gauss/100.
20778.445      5.74            0.0
20744.779      2.38            0.0
19183.819      2.65            0.0
15361.920      2.56            0.0
14895.830      2.47            0.0
13061.456      2.47            0.0
12715.331      3.36            0.0
11589.295      2.74            0.0
11086.229      3.44            0.0
5592.145       2.65            0.0
3008.371       2.30            0.0
2971.758       3.00            0.0
2952.385       2.91            0.0
2933.015       2.91            0.0
2913.642       2.91            0.0
2894.272       3.00            0.0
