Data set: C:/Users/kathy/OneDrive - Dalhousie University/Graduate School/NMR/RustNMRfit/13C-22July09-VANB-1-vial 585/8/pdata/1/

Fit type: Mixed Lorentzian and Gaussian

Fit        Frequency             Width        Intensity       Area     %Lor.
         ppm        Hz        ppm         Hz                           chisq

  1                                                                  4.4e+16

      206.522  20778.75    0.05031      5.062     29.059   2616.754    100.00
STD:    0.000      0.00    0.00010      0.010      0.041

      206.188  20745.12    0.02406      2.421     12.504    538.460    100.00
STD:    0.000      0.01    0.00016      0.016      0.058


  2                                                                  2.1e+15

      190.671  19183.93    0.02834      2.851     14.161    718.154    100.00
STD:    0.000      0.00    0.00002      0.002      0.007


  3                                                                  2.1e+15

      152.683  15361.88    0.02729      2.746     14.407    703.779    100.00
STD:    0.000      0.00    0.00002      0.002      0.007


  4                                                                    2e+15

      148.051  14895.78    0.02713      2.730     14.410    699.733    100.00
STD:    0.000      0.00    0.00003      0.003      0.010


  5                                                                    2e+15

      129.819  13061.41    0.02628      2.644     14.867    699.287    100.00
STD:    0.000      0.00    0.00003      0.003      0.010


  6                                                                  9.3e+14

      126.379  12715.38    0.03492      3.514     11.377    711.124    100.00
STD:    0.000      0.00    0.00003      0.003      0.008


  7                                                                  1.6e+15

      115.187  11589.29    0.02894      2.912     13.663    707.815    100.00
STD:    0.000      0.00    0.00003      0.003      0.010


  8                                                                  1.1e+15

      110.187  11086.21    0.03572      3.593     11.140    712.127    100.00
STD:    0.000      0.00    0.00002      0.002      0.004


  9                                                                  1.5e+15

       55.581   5592.17    0.02833      2.850     14.114    715.691    100.00
STD:    0.000      0.00    0.00001      0.001      0.005


 10                                                                  4.7e+16

       29.901   3008.43    0.02517      2.533     24.896   1121.718    100.00
STD:    0.000      0.00    0.00006      0.007      0.045

       29.537   2971.80    0.03079      3.097      9.619    529.965    100.00
STD:    0.000      0.01    0.00019      0.019      0.041

       29.345   2952.43    0.02979      2.997     19.407   1034.613    100.00
STD:    0.000      0.00    0.00009      0.009      0.042

       29.152   2933.06    0.02973      2.991     22.583   1201.498    100.00
STD:    0.000      0.00    0.00008      0.008      0.042

       28.959   2913.69    0.02952      2.970     19.363   1023.089    100.00
STD:    0.000      0.00    0.00009      0.009      0.042

       28.767   2894.32    0.02935      2.953      9.646    506.722    100.00
STD:    0.000      0.01    0.00018      0.019      0.042

