H
#frequency    half width   %gauss/100.
20778.781      5.83            0.0
20745.137      2.38            0.0
19183.957      2.56            0.0
15361.909      2.56            0.0
14895.806      2.56            0.0
13061.427      2.47            0.0
12715.410      3.36            0.0
11589.313      2.65            0.0
11086.254      3.44            0.0
5592.186       2.65            0.0
3008.435       2.30            0.0
2971.824       3.00            0.0
2952.453       2.91            0.0
2933.081       2.91            0.0
2913.710       2.91            0.0
2894.338       2.91            0.0
