Data set: C:/Users/kathy/OneDrive - Dalhousie University/Graduate School/NMR/RustNMRfit/13C-VAN-1 exp 4-9/9/pdata/1/

Fit type: Mixed Lorentzian and Gaussian

Fit        Frequency             Width        Intensity       Area     %Lor.
         ppm        Hz        ppm         Hz                           chisq

  1                                                                  4.6e+16

      206.525  20779.05    0.04939      4.969     28.660   2533.497    100.00
STD:    0.000      0.00    0.00010      0.010      0.041

      206.190  20745.38    0.02322      2.337     12.631    524.969    100.00
STD:    0.000      0.01    0.00015      0.015      0.059


  2                                                                  1.5e+15

      190.672  19184.02    0.02735      2.752     14.242    697.095    100.00
STD:    0.000      0.00    0.00001      0.001      0.005


  3                                                                  1.4e+15

      152.683  15361.86    0.02636      2.652     14.454    681.877    100.00
STD:    0.000      0.00    0.00002      0.002      0.006


  4                                                                  1.5e+15

      148.051  14895.79    0.02626      2.642     14.522    682.526    100.00
STD:    0.000      0.00    0.00002      0.002      0.009


  5                                                                  1.6e+15

      129.819  13061.44    0.02540      2.556     14.921    678.359    100.00
STD:    0.000      0.00    0.00002      0.002      0.009


  6                                                                  6.6e+14

      126.379  12715.39    0.03402      3.423     11.301    688.054    100.00
STD:    0.000      0.00    0.00003      0.003      0.006


  7                                                                  1.1e+15

      115.187  11589.28    0.02808      2.825     13.639    685.312    100.00
STD:    0.000      0.00    0.00002      0.002      0.009


  8                                                                  8.8e+14

      110.187  11086.25    0.03476      3.498     11.089    689.941    100.00
STD:    0.000      0.00    0.00002      0.002      0.003


  9                                                                  1.4e+15

       55.581   5592.13    0.02753      2.770     13.902    685.042    100.00
STD:    0.000      0.00    0.00001      0.001      0.004


 10                                                                  4.5e+16

       29.901   3008.40    0.02432      2.447     25.059   1090.736    100.00
STD:    0.000      0.00    0.00006      0.006      0.044

       29.537   2971.79    0.02955      2.973      9.625    509.001    100.00
STD:    0.000      0.01    0.00017      0.017      0.040

       29.344   2952.42    0.02887      2.904     19.359   1000.234    100.00
STD:    0.000      0.00    0.00009      0.009      0.040

       29.152   2933.04    0.02890      2.907     22.529   1165.112    100.00
STD:    0.000      0.00    0.00007      0.007      0.040

       28.959   2913.67    0.02879      2.897     19.324    995.711    100.00
STD:    0.000      0.00    0.00009      0.009      0.040

       28.767   2894.30    0.02891      2.909      9.647    499.173    100.00
STD:    0.000      0.01    0.00017      0.017      0.040

