Data set: C:/Users/kathy/OneDrive - Dalhousie University/Graduate School/NMR/RustNMRfit/13C-23Feb16-VANA-1-vial 240/5/pdata/1/

Fit type: Mixed Lorentzian and Gaussian

Fit        Frequency             Width        Intensity       Area     %Lor.
         ppm        Hz        ppm         Hz                           chisq

  1                                                                  8.1e+16

      206.510  20777.52    0.04737      4.766     34.994   2966.739    100.00
STD:    0.000      0.00    0.00010      0.010      0.052


  2                                                                  3.9e+14

      190.668  19183.61    0.02521      2.536     14.369    648.208    100.00
STD:    0.000      0.00    0.00001      0.001      0.003


  3                                                                  3.7e+14

      152.675  15361.07    0.02427      2.442     14.614    634.858    100.00
STD:    0.000      0.00    0.00001      0.001      0.003


  4                                                                  3.3e+14

      148.046  14895.33    0.02417      2.432     14.694    635.684    100.00
STD:    0.000      0.00    0.00001      0.001      0.004


  5                                                                  3.9e+14

      129.821  13061.61    0.02338      2.353     15.087    631.386    100.00
STD:    0.000      0.00    0.00001      0.001      0.004


  6                                                                  1.8e+14

      126.381  12715.58    0.03193      3.213     11.176    638.738    100.00
STD:    0.000      0.00    0.00001      0.001      0.003


  7                                                                  2.1e+14

      115.182  11588.82    0.02593      2.609     13.767    638.866    100.00
STD:    0.000      0.00    0.00001      0.001      0.004


  8                                                                  3.8e+14

      110.172  11084.69    0.03277      3.297     10.880    638.060    100.00
STD:    0.000      0.00    0.00001      0.001      0.002


  9                                                                  4.2e+14

       55.574   5591.41    0.02541      2.557     13.884    631.405    100.00
STD:    0.000      0.00    0.00001      0.001      0.002


 10                                                                  1.8e+15

       29.728   2991.01    0.02674      2.690      4.130    197.635    100.00
STD:    0.000      0.00    0.00007      0.007      0.008

       29.535   2971.63    0.02694      2.711     12.225    589.475    100.00
STD:    0.000      0.00    0.00002      0.002      0.008

       29.343   2952.26    0.02678      2.694     24.412   1169.955    100.00
STD:    0.000      0.00    0.00001      0.001      0.008

       29.150   2932.89    0.02682      2.698     28.381   1362.317    100.00
STD:    0.000      0.00    0.00001      0.001      0.008

       28.958   2913.52    0.02668      2.684     24.368   1163.621    100.00
STD:    0.000      0.00    0.00001      0.001      0.008

       28.765   2894.15    0.02656      2.672     12.162    578.112    100.00
STD:    0.000      0.00    0.00002      0.002      0.008

       28.573   2874.77    0.02613      2.629      4.081    190.881    100.00
STD:    0.000      0.00    0.00007      0.007      0.008

