Data set: C:/Users/kathy/OneDrive - Dalhousie University/Graduate School/NMR/RustNMRfit/13C-22July21-VAN-8-spl1/22July21-VAN-8-spl1/5/pdata/1/

Fit type: Mixed Lorentzian and Gaussian

Fit        Frequency             Width        Intensity       Area     %Lor.
         ppm        Hz        ppm         Hz                           chisq

  1                                                                  4.7e+16

      206.536  20780.15    0.04898      4.928     28.495   2497.725    100.00
STD:    0.000      0.00    0.00010      0.010      0.041

      206.201  20746.46    0.02317      2.331     12.581    521.757    100.00
STD:    0.000      0.01    0.00015      0.016      0.059


  2                                                                  1.2e+15

      190.676  19184.44    0.02722      2.739     14.202    691.999    100.00
STD:    0.000      0.00    0.00001      0.001      0.005


  3                                                                  1.1e+15

      152.684  15361.93    0.02622      2.638     14.496    680.300    100.00
STD:    0.000      0.00    0.00001      0.001      0.005


  4                                                                  1.2e+15

      148.051  14895.87    0.02606      2.622     14.494    675.932    100.00
STD:    0.000      0.00    0.00002      0.002      0.007


  5                                                                  1.1e+15

      129.818  13061.37    0.02523      2.538     14.948    674.988    100.00
STD:    0.000      0.00    0.00002      0.002      0.008


  6                                                                  4.5e+14

      126.381  12715.54    0.03366      3.386     11.385    685.815    100.00
STD:    0.000      0.00    0.00002      0.002      0.005


  7                                                                  8.5e+14

      115.188  11589.34    0.02779      2.796     13.728    682.907    100.00
STD:    0.000      0.00    0.00002      0.002      0.007


  8                                                                  6.8e+14

      110.188  11086.32    0.03443      3.464     11.125    685.616    100.00
STD:    0.000      0.00    0.00001      0.001      0.003


  9                                                                  9.4e+14

       55.580   5592.11    0.02714      2.731     14.134    686.549    100.00
STD:    0.000      0.00    0.00001      0.001      0.003


 10                                                                  4.2e+16

       29.902   3008.49    0.02423      2.438     25.088   1088.014    100.00
STD:    0.000      0.00    0.00006      0.006      0.042

       29.538   2971.87    0.02952      2.970      9.618    508.175    100.00
STD:    0.000      0.01    0.00017      0.017      0.038

       29.345   2952.50    0.02867      2.885     19.323    991.627    100.00
STD:    0.000      0.00    0.00008      0.008      0.039

       29.153   2933.13    0.02858      2.876     22.501   1151.149    100.00
STD:    0.000      0.00    0.00007      0.007      0.039

       28.960   2913.76    0.02838      2.855     19.290    979.671    100.00
STD:    0.000      0.00    0.00008      0.008      0.039

       28.768   2894.39    0.02826      2.844      9.609    486.049    100.00
STD:    0.000      0.01    0.00016      0.016      0.039

