Data set: C:/Users/kathy/OneDrive - Dalhousie University/Graduate School/NMR/RustNMRfit/13C-22July21-VAN-8-spl1/22July21-VAN-8-spl1/9/pdata/1/

Fit type: Mixed Lorentzian and Gaussian

Fit        Frequency             Width        Intensity       Area     %Lor.
         ppm        Hz        ppm         Hz                           chisq

  1                                                                  4.7e+16

      206.541  20780.62    0.04894      4.924     28.397   2487.547    100.00
STD:    0.000      0.00    0.00010      0.010      0.041

      206.206  20746.91    0.02309      2.324     12.534    518.086    100.00
STD:    0.000      0.01    0.00015      0.016      0.059


  2                                                                  1.1e+15

      190.678  19184.62    0.02718      2.735     14.214    691.435    100.00
STD:    0.000      0.00    0.00001      0.001      0.005


  3                                                                  1.1e+15

      152.684  15361.94    0.02627      2.643     14.480    680.731    100.00
STD:    0.000      0.00    0.00001      0.001      0.005


  4                                                                  1.2e+15

      148.051  14895.85    0.02608      2.624     14.500    676.791    100.00
STD:    0.000      0.00    0.00002      0.002      0.007


  5                                                                  1.2e+15

      129.818  13061.32    0.02525      2.540     14.946    675.321    100.00
STD:    0.000      0.00    0.00002      0.002      0.008


  6                                                                    5e+14

      126.382  12715.62    0.03379      3.399     11.371    687.586    100.00
STD:    0.000      0.00    0.00002      0.002      0.005


  7                                                                  8.7e+14

      115.188  11589.35    0.02784      2.801     13.708    683.119    100.00
STD:    0.000      0.00    0.00002      0.002      0.007


  8                                                                    7e+14

      110.188  11086.32    0.03446      3.467     11.134    686.768    100.00
STD:    0.000      0.00    0.00001      0.001      0.003


  9                                                                  1.2e+15

       55.580   5592.09    0.02723      2.739     14.113    687.720    100.00
STD:    0.000      0.00    0.00001      0.001      0.004


 10                                                                  4.5e+16

       29.902   3008.50    0.02414      2.429     24.958   1078.301    100.00
STD:    0.000      0.00    0.00006      0.006      0.043

       29.538   2971.88    0.02928      2.946      9.561    501.020    100.00
STD:    0.000      0.01    0.00017      0.017      0.039

       29.345   2952.51    0.02864      2.882     19.212    984.797    100.00
STD:    0.000      0.00    0.00008      0.008      0.040

       29.153   2933.14    0.02869      2.887     22.355   1147.913    100.00
STD:    0.000      0.00    0.00007      0.007      0.039

       28.960   2913.77    0.02860      2.877     19.185    981.881    100.00
STD:    0.000      0.00    0.00008      0.008      0.040

       28.768   2894.40    0.02879      2.897      9.590    494.151    100.00
STD:    0.000      0.01    0.00017      0.017      0.039

