Data set: C:/Users/kathy/OneDrive - Dalhousie University/Graduate School/NMR/RustNMRfit/13C-22July21-VAN-8-spl1/22July21-VAN-8-spl1/8/pdata/1/

Fit type: Mixed Lorentzian and Gaussian

Fit        Frequency             Width        Intensity       Area     %Lor.
         ppm        Hz        ppm         Hz                           chisq

  1                                                                  1.2e+17

      206.545  20781.03    0.05288      5.320     27.454   2598.342    100.00
STD:    0.000      0.01    0.00019      0.019      0.063

      206.206  20746.91    0.02305      2.320     12.496    515.624    100.00
STD:    0.000      0.01    0.00024      0.025      0.094


  2                                                                  7.7e+15

      190.679  19184.76    0.02754      2.771     14.035    691.827    100.00
STD:    0.000      0.00    0.00003      0.003      0.012


  3                                                                  3.8e+16

      152.688  15362.38    0.02877      2.894     13.447    692.320    100.00
STD:    0.000      0.00    0.00009      0.009      0.029


  4                                                                  4.1e+16

      148.056  14896.32    0.02889      2.907     13.361    690.942    100.00
STD:    0.000      0.00    0.00013      0.013      0.042


  5                                                                  6.4e+16

      129.823  13061.90    0.02967      2.985     13.165    699.007    100.00
STD:    0.000      0.01    0.00017      0.017      0.053


  6                                                                  5.3e+16

      126.389  12716.39    0.04057      4.082      9.870    716.699    100.00
STD:    0.000      0.01    0.00029      0.029      0.050


  7                                                                  7.3e+16

      115.195  11590.06    0.03442      3.463     11.650    717.631    100.00
STD:    0.000      0.01    0.00025      0.026      0.061


  8                                                                  6.8e+16

      110.198  11087.29    0.04398      4.425      9.195    723.843    100.00
STD:    0.000      0.01    0.00018      0.018      0.027


  9                                                                  2.1e+17

       55.594   5593.51    0.05098      5.129      8.644    788.773    100.00
STD:    0.000      0.01    0.00031      0.032      0.038


 10                                                                  1.8e+18

       29.918   3010.13    0.05764      5.799     12.536   1293.157    100.00
STD:    0.000      0.04    0.00116      0.117      0.179

       29.554   2973.56    0.05739      5.774      5.226    536.740    100.00
STD:    0.001      0.10    0.00288      0.290      0.179

       29.362   2954.23    0.05845      5.881     10.428   1090.976    100.00
STD:    0.001      0.05    0.00156      0.157      0.178

       29.170   2934.86    0.07640      7.687     11.444   1564.758    100.00
STD:    0.001      0.10    0.00266      0.268      0.164

