Data set: C:/Users/kathy/OneDrive - Dalhousie University/Graduate School/NMR/RustNMRfit/13C-23Feb16-VANA-1-vial 240/7/pdata/1/

Fit type: Mixed Lorentzian and Gaussian

Fit        Frequency             Width        Intensity       Area     %Lor.
         ppm        Hz        ppm         Hz                           chisq

  1                                                                  8.1e+16

      206.512  20777.74    0.04734      4.763     34.920   2958.758    100.00
STD:    0.000      0.00    0.00010      0.010      0.051


  2                                                                  3.7e+14

      190.669  19183.70    0.02523      2.539     14.363    648.656    100.00
STD:    0.000      0.00    0.00001      0.001      0.003


  3                                                                  3.7e+14

      152.675  15361.07    0.02427      2.442     14.641    635.999    100.00
STD:    0.000      0.00    0.00001      0.001      0.003


  4                                                                  2.8e+14

      148.046  14895.32    0.02413      2.428     14.702    634.902    100.00
STD:    0.000      0.00    0.00001      0.001      0.004


  5                                                                  4.1e+14

      129.820  13061.60    0.02337      2.352     15.089    631.175    100.00
STD:    0.000      0.00    0.00001      0.001      0.005


  6                                                                  1.6e+14

      126.382  12715.63    0.03194      3.213     11.173    638.695    100.00
STD:    0.000      0.00    0.00001      0.001      0.003


  7                                                                    2e+14

      115.183  11588.84    0.02592      2.608     13.765    638.655    100.00
STD:    0.000      0.00    0.00001      0.001      0.003


  8                                                                  3.8e+14

      110.172  11084.70    0.03281      3.301     10.863    637.944    100.00
STD:    0.000      0.00    0.00001      0.001      0.002


  9                                                                  4.2e+14

       55.574   5591.43    0.02538      2.554     13.898    631.368    100.00
STD:    0.000      0.00    0.00001      0.001      0.002


 10                                                                  1.8e+15

       29.728   2991.02    0.02702      2.719      4.114    199.001    100.00
STD:    0.000      0.00    0.00007      0.007      0.008

       29.536   2971.66    0.02688      2.705     12.207    587.333    100.00
STD:    0.000      0.00    0.00002      0.002      0.008

       29.343   2952.29    0.02680      2.697     24.362   1168.650    100.00
STD:    0.000      0.00    0.00001      0.001      0.008

       29.151   2932.92    0.02681      2.697     28.328   1359.035    100.00
STD:    0.000      0.00    0.00001      0.001      0.008

       28.958   2913.55    0.02667      2.683     24.319   1160.668    100.00
STD:    0.000      0.00    0.00001      0.001      0.008

       28.766   2894.18    0.02652      2.668     12.128    575.663    100.00
STD:    0.000      0.00    0.00002      0.002      0.008

       28.573   2874.80    0.02580      2.596      4.048    186.911    100.00
STD:    0.000      0.00    0.00007      0.007      0.008

