Data set: C:/Users/kathy/OneDrive - Dalhousie University/Graduate School/NMR/RustNMRfit/13C-VAN-1 exp 4-9/5/pdata/1/

Fit type: Mixed Lorentzian and Gaussian

Fit        Frequency             Width        Intensity       Area     %Lor.
         ppm        Hz        ppm         Hz                           chisq

  1                                                                  4.5e+16

      206.521  20778.66    0.04937      4.967     28.785   2543.473    100.00
STD:    0.000      0.00    0.00010      0.010      0.040

      206.186  20744.98    0.02313      2.327     12.683    524.978    100.00
STD:    0.000      0.01    0.00015      0.015      0.059


  2                                                                  1.2e+15

      190.670  19183.86    0.02733      2.750     14.235    696.328    100.00
STD:    0.000      0.00    0.00001      0.001      0.005


  3                                                                  1.3e+15

      152.683  15361.88    0.02641      2.657     14.444    682.758    100.00
STD:    0.000      0.00    0.00002      0.002      0.006


  4                                                                  1.4e+15

      148.051  14895.82    0.02626      2.642     14.504    681.548    100.00
STD:    0.000      0.00    0.00002      0.002      0.008


  5                                                                  1.4e+15

      129.819  13061.48    0.02544      2.560     14.915    679.122    100.00
STD:    0.000      0.00    0.00002      0.002      0.008


  6                                                                  6.1e+14

      126.379  12715.31    0.03405      3.426     11.301    688.747    100.00
STD:    0.000      0.00    0.00003      0.003      0.006


  7                                                                  1.1e+15

      115.187  11589.26    0.02812      2.829     13.639    686.378    100.00
STD:    0.000      0.00    0.00002      0.002      0.008


  8                                                                  7.6e+14

      110.187  11086.23    0.03482      3.504     11.069    689.906    100.00
STD:    0.000      0.00    0.00001      0.001      0.003


  9                                                                  1.3e+15

       55.580   5592.09    0.02754      2.771     13.908    685.504    100.00
STD:    0.000      0.00    0.00001      0.001      0.004


 10                                                                  4.6e+16

       29.900   3008.35    0.02435      2.450     25.155   1096.228    100.00
STD:    0.000      0.00    0.00006      0.006      0.044

       29.536   2971.73    0.02959      2.977      9.665    511.908    100.00
STD:    0.000      0.01    0.00017      0.017      0.040

       29.344   2952.36    0.02884      2.902     19.439   1003.439    100.00
STD:    0.000      0.00    0.00009      0.009      0.041

       29.151   2932.99    0.02892      2.910     22.596   1169.530    100.00
STD:    0.000      0.00    0.00007      0.007      0.040

       28.959   2913.61    0.02875      2.893     19.401    998.310    100.00
STD:    0.000      0.00    0.00009      0.009      0.041

       28.766   2894.24    0.02883      2.901      9.684    499.730    100.00
STD:    0.000      0.01    0.00017      0.017      0.041

