Data set: C:/Users/kathy/OneDrive - Dalhousie University/Graduate School/NMR/RustNMRfit/13C-VAN-1 exp 4-9/4/pdata/1/

Fit type: Mixed Lorentzian and Gaussian

Fit        Frequency             Width        Intensity       Area     %Lor.
         ppm        Hz        ppm         Hz                           chisq

  1                                                                  4.6e+16

      206.519  20778.49    0.04944      4.974     15.894   1406.261    100.00
STD:    0.000      0.00    0.00010      0.010      0.022

      206.185  20744.83    0.02333      2.348      6.997    292.232    100.00
STD:    0.000      0.01    0.00015      0.015      0.033


  2                                                                  1.5e+15

      190.670  19183.79    0.02746      2.763      7.847    385.735    100.00
STD:    0.000      0.00    0.00002      0.002      0.003


  3                                                                  1.4e+15

      152.683  15361.87    0.02638      2.654      7.968    376.217    100.00
STD:    0.000      0.00    0.00002      0.002      0.003


  4                                                                  1.5e+15

      148.051  14895.82    0.02629      2.645      8.004    376.651    100.00
STD:    0.000      0.00    0.00002      0.002      0.005


  5                                                                  1.5e+15

      129.819  13061.48    0.02541      2.556      8.223    373.955    100.00
STD:    0.000      0.00    0.00002      0.002      0.005


  6                                                                  6.9e+14

      126.378  12715.27    0.03405      3.426      6.238    380.172    100.00
STD:    0.000      0.00    0.00003      0.003      0.003


  7                                                                  1.1e+15

      115.187  11589.25    0.02808      2.825      7.532    378.506    100.00
STD:    0.000      0.00    0.00002      0.002      0.005


  8                                                                    9e+14

      110.187  11086.22    0.03484      3.506      6.097    380.192    100.00
STD:    0.000      0.00    0.00002      0.002      0.002


  9                                                                  1.2e+15

       55.580   5592.09    0.02754      2.771      7.666    377.825    100.00
STD:    0.000      0.00    0.00001      0.001      0.002


 10                                                                  4.5e+16

       29.900   3008.33    0.02440      2.455     13.888    606.534    100.00
STD:    0.000      0.00    0.00006      0.006      0.024

       29.536   2971.72    0.02972      2.990      5.330    283.499    100.00
STD:    0.000      0.01    0.00017      0.017      0.022

       29.344   2952.35    0.02891      2.908     10.733    555.264    100.00
STD:    0.000      0.00    0.00009      0.009      0.022

       29.151   2932.97    0.02890      2.908     12.492    646.086    100.00
STD:    0.000      0.00    0.00007      0.007      0.022

       28.959   2913.60    0.02876      2.893     10.719    551.731    100.00
STD:    0.000      0.00    0.00009      0.009      0.022

       28.766   2894.23    0.02875      2.893      5.349    275.241    100.00
STD:    0.000      0.01    0.00017      0.017      0.022

