Data set: C:/Users/kathy/OneDrive - Dalhousie University/Graduate School/NMR/RustNMRfit/13C-22July11-VANB-1-vial 465/9/pdata/1/

Fit type: Mixed Lorentzian and Gaussian

Fit        Frequency             Width        Intensity       Area     %Lor.
         ppm        Hz        ppm         Hz                           chisq

  1                                                                    5e+16

      206.539  20780.47    0.04748      4.777     27.607   2345.728    100.00
STD:    0.000      0.00    0.00010      0.010      0.040

      206.203  20746.70    0.02168      2.181     12.716    493.387    100.00
STD:    0.000      0.01    0.00014      0.014      0.059


  2                                                                  3.8e+14

      190.678  19184.64    0.02544      2.559     14.333    652.541    100.00
STD:    0.000      0.00    0.00001      0.001      0.003


  3                                                                  3.3e+14

      152.683  15361.89    0.02444      2.459     14.621    639.616    100.00
STD:    0.000      0.00    0.00001      0.001      0.003


  4                                                                  2.8e+14

      148.051  14895.83    0.02428      2.443     14.644    636.461    100.00
STD:    0.000      0.00    0.00001      0.001      0.004


  5                                                                    4e+14

      129.820  13061.52    0.02351      2.365     15.092    635.044    100.00
STD:    0.000      0.00    0.00001      0.001      0.004


  6                                                                  1.9e+14

      126.384  12715.83    0.03183      3.202     11.319    644.761    100.00
STD:    0.000      0.00    0.00001      0.001      0.003


  7                                                                  2.1e+14

      115.189  11589.48    0.02610      2.626     13.756    642.504    100.00
STD:    0.000      0.00    0.00001      0.001      0.004


  8                                                                  3.6e+14

      110.189  11086.42    0.03269      3.289     11.019    644.624    100.00
STD:    0.000      0.00    0.00001      0.001      0.002


  9                                                                  4.1e+14

       55.583   5592.36    0.02556      2.572     14.191    649.156    100.00
STD:    0.000      0.00    0.00001      0.001      0.002


 10                                                                  4.2e+16

       29.904   3008.71    0.02254      2.267     25.111   1012.848    100.00
STD:    0.000      0.00    0.00005      0.005      0.040

       29.540   2972.11    0.02771      2.788      9.539    473.060    100.00
STD:    0.000      0.01    0.00015      0.015      0.036

       29.348   2952.74    0.02697      2.714     19.177    925.812    100.00
STD:    0.000      0.00    0.00007      0.007      0.037

       29.155   2933.37    0.02700      2.716     22.310   1077.948    100.00
STD:    0.000      0.00    0.00006      0.006      0.037

       28.963   2914.00    0.02682      2.699     19.148    919.221    100.00
STD:    0.000      0.00    0.00007      0.007      0.037

       28.770   2894.62    0.02683      2.700      9.561    459.143    100.00
STD:    0.000      0.01    0.00015      0.015      0.037

