Data set: C:/Users/kathy/OneDrive - Dalhousie University/Graduate School/NMR/RustNMRfit/13C-22July09-VANB-1-vial 585/11/pdata/1/

Fit type: Mixed Lorentzian and Gaussian

Fit        Frequency             Width        Intensity       Area     %Lor.
         ppm        Hz        ppm         Hz                           chisq

  1                                                                  4.3e+16

      206.525  20779.07    0.05030      5.061     28.911   2602.824    100.00
STD:    0.000      0.00    0.00010      0.010      0.040

      206.191  20745.43    0.02396      2.411     12.471    534.807    100.00
STD:    0.000      0.01    0.00016      0.016      0.058


  2                                                                  1.9e+15

      190.672  19184.06    0.02825      2.842     14.137    714.685    100.00
STD:    0.000      0.00    0.00002      0.002      0.006


  3                                                                  1.9e+15

      152.683  15361.88    0.02725      2.742     14.395    702.062    100.00
STD:    0.000      0.00    0.00002      0.002      0.007


  4                                                                    2e+15

      148.050  14895.77    0.02704      2.721     14.414    697.552    100.00
STD:    0.000      0.00    0.00003      0.003      0.010


  5                                                                  2.1e+15

      129.818  13061.39    0.02617      2.633     14.867    696.434    100.00
STD:    0.000      0.00    0.00003      0.003      0.011


  6                                                                  9.5e+14

      126.380  12715.45    0.03492      3.514     11.381    711.327    100.00
STD:    0.000      0.00    0.00003      0.003      0.008


  7                                                                  1.5e+15

      115.187  11589.30    0.02891      2.908     13.635    705.360    100.00
STD:    0.000      0.00    0.00003      0.003      0.010


  8                                                                  1.1e+15

      110.187  11086.24    0.03580      3.602     11.125    712.868    100.00
STD:    0.000      0.00    0.00002      0.002      0.004


  9                                                                  1.6e+15

       55.581   5592.19    0.02830      2.847     14.094    713.801    100.00
STD:    0.000      0.00    0.00001      0.001      0.005


 10                                                                  4.6e+16

       29.901   3008.47    0.02504      2.520     24.797   1111.404    100.00
STD:    0.000      0.00    0.00006      0.006      0.045

       29.537   2971.84    0.03062      3.080      9.611    526.641    100.00
STD:    0.000      0.01    0.00018      0.019      0.041

       29.345   2952.48    0.02972      2.990     19.307   1026.880    100.00
STD:    0.000      0.00    0.00009      0.009      0.041

       29.152   2933.10    0.02968      2.986     22.482   1194.086    100.00
STD:    0.000      0.00    0.00008      0.008      0.041

       28.960   2913.73    0.02952      2.970     19.262   1017.706    100.00
STD:    0.000      0.00    0.00009      0.009      0.042

       28.767   2894.36    0.02942      2.960      9.613    506.122    100.00
STD:    0.000      0.01    0.00018      0.018      0.042

