H
#frequency    half width   %gauss/100.
20779.100      5.74            0.0
20745.446      2.30            0.0
19184.085      2.65            0.0
15361.904      2.47            0.0
14895.791      2.56            0.0
13061.411      2.47            0.0
12715.480      3.36            0.0
11589.327      2.65            0.0
11086.279      3.36            0.0
5592.210       2.65            0.0
3008.477       2.38            0.0
2971.866       2.91            0.0
2952.494       2.91            0.0
2933.122       2.91            0.0
2913.750       2.91            0.0
2894.379       2.91            0.0
