Data set: C:/Users/kathy/OneDrive - Dalhousie University/Graduate School/NMR/RustNMRfit/13C-22July11-VANB-1-vial 465/6/pdata/1/

Fit type: Mixed Lorentzian and Gaussian

Fit        Frequency             Width        Intensity       Area     %Lor.
         ppm        Hz        ppm         Hz                           chisq

  1                                                                    5e+16

      206.536  20780.12    0.04752      4.781     27.673   2353.464    100.00
STD:    0.000      0.00    0.00010      0.010      0.040

      206.200  20746.36    0.02179      2.193     12.756    497.582    100.00
STD:    0.000      0.01    0.00014      0.014      0.059


  2                                                                  4.3e+14

      190.677  19184.50    0.02543      2.559     14.323    651.908    100.00
STD:    0.000      0.00    0.00001      0.001      0.003


  3                                                                  4.1e+14

      152.683  15361.88    0.02448      2.463     14.591    639.198    100.00
STD:    0.000      0.00    0.00001      0.001      0.003


  4                                                                  3.8e+14

      148.051  14895.83    0.02439      2.453     14.629    638.489    100.00
STD:    0.000      0.00    0.00001      0.001      0.004


  5                                                                  4.5e+14

      129.820  13061.54    0.02361      2.375     15.089    637.529    100.00
STD:    0.000      0.00    0.00001      0.001      0.005


  6                                                                  1.7e+14

      126.383  12715.74    0.03191      3.210     11.325    646.748    100.00
STD:    0.000      0.00    0.00001      0.001      0.003


  7                                                                  2.2e+14

      115.189  11589.45    0.02616      2.632     13.764    644.550    100.00
STD:    0.000      0.00    0.00001      0.001      0.004


  8                                                                  4.1e+14

      110.189  11086.40    0.03269      3.289     11.012    644.217    100.00
STD:    0.000      0.00    0.00001      0.001      0.002


  9                                                                  4.1e+14

       55.583   5592.34    0.02561      2.576     14.180    649.817    100.00
STD:    0.000      0.00    0.00001      0.001      0.002


 10                                                                  4.2e+16

       29.903   3008.66    0.02257      2.271     25.178   1017.223    100.00
STD:    0.000      0.00    0.00005      0.005      0.041

       29.540   2972.06    0.02769      2.786      9.573    474.420    100.00
STD:    0.000      0.01    0.00015      0.015      0.037

       29.347   2952.69    0.02704      2.720     19.232    930.621    100.00
STD:    0.000      0.00    0.00007      0.007      0.037

       29.155   2933.32    0.02704      2.721     22.367   1082.552    100.00
STD:    0.000      0.00    0.00006      0.006      0.037

       28.962   2913.95    0.02687      2.703     19.201    923.364    100.00
STD:    0.000      0.00    0.00007      0.007      0.037

       28.769   2894.58    0.02688      2.704      9.565    460.154    100.00
STD:    0.000      0.01    0.00015      0.015      0.037

