Data set: C:/Users/kathy/OneDrive - Dalhousie University/Graduate School/NMR/RustNMRfit/13C-22July21-VAN-8-spl1/22July21-VAN-8-spl1/7/pdata/1/

Fit type: Mixed Lorentzian and Gaussian

Fit        Frequency             Width        Intensity       Area     %Lor.
         ppm        Hz        ppm         Hz                           chisq

  1                                                                  4.8e+16

      206.538  20780.36    0.04902      4.932     28.457   2496.417    100.00
STD:    0.000      0.00    0.00010      0.010      0.041

      206.203  20746.68    0.02333      2.347     12.564    524.569    100.00
STD:    0.000      0.01    0.00016      0.016      0.059


  2                                                                  1.3e+15

      190.677  19184.52    0.02724      2.741     14.211    692.800    100.00
STD:    0.000      0.00    0.00001      0.001      0.005


  3                                                                  1.3e+15

      152.684  15361.92    0.02621      2.638     14.497    680.166    100.00
STD:    0.000      0.00    0.00001      0.001      0.006


  4                                                                  1.3e+15

      148.051  14895.85    0.02604      2.620     14.523    676.780    100.00
STD:    0.000      0.00    0.00002      0.002      0.008


  5                                                                  1.3e+15

      129.818  13061.34    0.02524      2.539     14.948    675.257    100.00
STD:    0.000      0.00    0.00002      0.002      0.008


  6                                                                  5.2e+14

      126.381  12715.57    0.03372      3.393     11.392    687.576    100.00
STD:    0.000      0.00    0.00002      0.002      0.005


  7                                                                  8.7e+14

      115.188  11589.34    0.02789      2.806     13.707    684.243    100.00
STD:    0.000      0.00    0.00002      0.002      0.007


  8                                                                  7.1e+14

      110.188  11086.32    0.03447      3.468     11.146    687.578    100.00
STD:    0.000      0.00    0.00001      0.001      0.003


  9                                                                  9.5e+14

       55.580   5592.10    0.02724      2.741     14.139    689.293    100.00
STD:    0.000      0.00    0.00001      0.001      0.003


 10                                                                  4.3e+16

       29.902   3008.50    0.02429      2.444     25.012   1087.310    100.00
STD:    0.000      0.00    0.00006      0.006      0.042

       29.538   2971.89    0.02957      2.975      9.594    507.765    100.00
STD:    0.000      0.01    0.00017      0.017      0.038

       29.345   2952.52    0.02871      2.888     19.289    990.997    100.00
STD:    0.000      0.00    0.00008      0.008      0.039

       29.153   2933.15    0.02864      2.882     22.433   1150.020    100.00
STD:    0.000      0.00    0.00007      0.007      0.039

       28.960   2913.77    0.02839      2.856     19.234    977.350    100.00
STD:    0.000      0.00    0.00008      0.008      0.039

       28.768   2894.40    0.02833      2.851      9.579    485.746    100.00
STD:    0.000      0.01    0.00017      0.017      0.039

