Data set: C:/Users/kathy/OneDrive - Dalhousie University/Graduate School/NMR/RustNMRfit/13C-22July11-VANB-1-vial 465/4/pdata/1/

Fit type: Mixed Lorentzian and Gaussian

Fit        Frequency             Width        Intensity       Area     %Lor.
         ppm        Hz        ppm         Hz                           chisq

  1                                                                    5e+16

      206.533  20779.85    0.04753      4.782     27.804   2365.170    100.00
STD:    0.000      0.00    0.00010      0.010      0.040

      206.197  20746.09    0.02190      2.204     12.744    499.620    100.00
STD:    0.000      0.01    0.00014      0.014      0.059


  2                                                                  3.9e+14

      190.675  19184.39    0.02553      2.569     14.335    655.049    100.00
STD:    0.000      0.00    0.00001      0.001      0.003


  3                                                                  3.9e+14

      152.683  15361.87    0.02461      2.476     14.602    643.275    100.00
STD:    0.000      0.00    0.00001      0.001      0.003


  4                                                                  3.5e+14

      148.051  14895.83    0.02450      2.465     14.635    641.829    100.00
STD:    0.000      0.00    0.00001      0.001      0.004


  5                                                                  4.7e+14

      129.820  13061.56    0.02371      2.385     15.085    640.061    100.00
STD:    0.000      0.00    0.00001      0.001      0.005


  6                                                                  1.7e+14

      126.382  12715.67    0.03194      3.214     11.342    648.431    100.00
STD:    0.000      0.00    0.00001      0.001      0.003


  7                                                                  2.4e+14

      115.188  11589.42    0.02627      2.643     13.755    646.599    100.00
STD:    0.000      0.00    0.00001      0.001      0.004


  8                                                                  4.3e+14

      110.189  11086.38    0.03287      3.307     11.019    648.178    100.00
STD:    0.000      0.00    0.00001      0.001      0.002


  9                                                                  4.5e+14

       55.582   5592.30    0.02565      2.581     14.197    651.788    100.00
STD:    0.000      0.00    0.00001      0.001      0.002


 10                                                                  4.1e+16

       29.903   3008.60    0.02259      2.273     25.228   1019.932    100.00
STD:    0.000      0.00    0.00005      0.005      0.041

       29.539   2972.01    0.02767      2.784      9.599    475.340    100.00
STD:    0.000      0.01    0.00015      0.015      0.037

       29.347   2952.63    0.02705      2.722     19.293    934.202    100.00
STD:    0.000      0.00    0.00007      0.007      0.037

       29.154   2933.26    0.02710      2.726     22.446   1088.590    100.00
STD:    0.000      0.00    0.00006      0.006      0.037

       28.961   2913.89    0.02701      2.718     19.269    931.594    100.00
STD:    0.000      0.00    0.00007      0.007      0.037

       28.769   2894.52    0.02723      2.740      9.625    469.107    100.00
STD:    0.000      0.01    0.00015      0.015      0.037

