Data set: C:/Users/kathy/OneDrive - Dalhousie University/Graduate School/NMR/RustNMRfit/13C-22July09-VANB-1-vial 585/10/pdata/1/

Fit type: Mixed Lorentzian and Gaussian

Fit        Frequency             Width        Intensity       Area     %Lor.
         ppm        Hz        ppm         Hz                           chisq

  1                                                                  4.2e+16

      206.524  20778.99    0.05026      5.057     28.970   2605.794    100.00
STD:    0.000      0.00    0.00010      0.010      0.040

      206.190  20745.34    0.02389      2.404     12.472    533.348    100.00
STD:    0.000      0.01    0.00016      0.016      0.057


  2                                                                  1.8e+15

      190.672  19184.03    0.02822      2.840     14.158    715.176    100.00
STD:    0.000      0.00    0.00002      0.002      0.006


  3                                                                    2e+15

      152.683  15361.88    0.02726      2.743     14.412    703.258    100.00
STD:    0.000      0.00    0.00002      0.002      0.007


  4                                                                  2.1e+15

      148.051  14895.77    0.02711      2.728     14.414    699.491    100.00
STD:    0.000      0.00    0.00003      0.003      0.010


  5                                                                  2.1e+15

      129.818  13061.39    0.02621      2.637     14.867    697.429    100.00
STD:    0.000      0.00    0.00003      0.003      0.011


  6                                                                  9.8e+14

      126.380  12715.42    0.03498      3.519     11.390    713.023    100.00
STD:    0.000      0.00    0.00003      0.003      0.008


  7                                                                  1.6e+15

      115.187  11589.29    0.02897      2.915     13.638    707.113    100.00
STD:    0.000      0.00    0.00003      0.003      0.010


  8                                                                  1.2e+15

      110.187  11086.23    0.03580      3.602     11.129    713.047    100.00
STD:    0.000      0.00    0.00002      0.002      0.004


  9                                                                  1.9e+15

       55.581   5592.17    0.02825      2.843     14.091    712.561    100.00
STD:    0.000      0.00    0.00001      0.001      0.005


 10                                                                  4.9e+16

       29.901   3008.44    0.02504      2.519     24.814   1111.990    100.00
STD:    0.000      0.00    0.00007      0.007      0.046

       29.537   2971.81    0.03035      3.053      9.598    521.325    100.00
STD:    0.000      0.01    0.00019      0.019      0.042

       29.345   2952.44    0.02964      2.982     19.341   1025.963    100.00
STD:    0.000      0.00    0.00009      0.009      0.043

       29.152   2933.07    0.02971      2.989     22.489   1195.721    100.00
STD:    0.000      0.00    0.00008      0.008      0.043

       28.960   2913.70    0.02966      2.984     19.300   1024.633    100.00
STD:    0.000      0.00    0.00009      0.009      0.043

       28.767   2894.33    0.02978      2.996      9.632    513.325    100.00
STD:    0.000      0.01    0.00019      0.019      0.043

