H
#frequency    half width   %gauss/100.
20779.008      5.74            0.0
20745.350      2.30            0.0
19184.047      2.56            0.0
15361.907      2.47            0.0
14895.796      2.56            0.0
13061.415      2.47            0.0
12715.456      3.36            0.0
11589.320      2.65            0.0
11086.271      3.44            0.0
5592.196       2.65            0.0
3008.455       2.30            0.0
2971.843       3.00            0.0
2952.469       2.91            0.0
2933.099       2.91            0.0
2913.726       2.91            0.0
2894.356       2.91            0.0
