Data set: C:/Users/kathy/OneDrive - Dalhousie University/Graduate School/NMR/RustNMRfit/13C-23Feb16-VANA-1-vial 240/10/pdata/1/

Fit type: Mixed Lorentzian and Gaussian

Fit        Frequency             Width        Intensity       Area     %Lor.
         ppm        Hz        ppm         Hz                           chisq

  1                                                                  9.3e+16

      206.523  20778.83    0.04736      4.765     27.835   2359.281    100.00
STD:    0.000      0.00    0.00010      0.010      0.043

      206.187  20745.04    0.02138      2.151     12.977    496.634    100.00
STD:    0.000      0.01    0.00015      0.015      0.063


  2                                                                  4.2e+16

      190.672  19184.02    0.02514      2.529     14.401    647.881    100.00
STD:    0.000      0.00    0.00005      0.005      0.022


  3                                                                  3.5e+16

      152.681  15361.63    0.02469      2.485     14.557    643.369    100.00
STD:    0.000      0.00    0.00005      0.005      0.022


  4                                                                  1.9e+16

      148.049  14895.58    0.02398      2.412     14.722    631.799    100.00
STD:    0.000      0.00    0.00005      0.005      0.023


  5                                                                  1.6e+16

      129.819  13061.41    0.02376      2.390     15.050    639.914    100.00
STD:    0.000      0.00    0.00005      0.005      0.022


  6                                                                  1.1e+16

      126.385  12715.90    0.03240      3.260     11.163    647.406    100.00
STD:    0.000      0.00    0.00008      0.008      0.019


  7                                                                  1.3e+16

      115.186  11589.15    0.02605      2.621     13.844    645.480    100.00
STD:    0.000      0.00    0.00006      0.006      0.022


  8                                                                  4.6e+16

      110.176  11085.06    0.03293      3.313     10.780    635.350    100.00
STD:    0.000      0.00    0.00008      0.008      0.019


  9                                                                  6.3e+16

       55.576   5591.69    0.02557      2.572     13.776    630.419    100.00
STD:    0.000      0.00    0.00006      0.006      0.022


 10                                                                  8.5e+16

       29.903   3008.64    0.02269      2.283     25.364   1030.167    100.00
STD:    0.000      0.00    0.00006      0.006      0.045

       29.539   2972.04    0.02831      2.848      9.766    494.764    100.00
STD:    0.000      0.01    0.00017      0.017      0.040

       29.347   2952.66    0.02677      2.693     19.405    929.625    100.00
STD:    0.000      0.00    0.00008      0.008      0.041

       29.154   2933.29    0.02680      2.697     22.603   1084.292    100.00
STD:    0.000      0.00    0.00007      0.007      0.041

       28.962   2913.91    0.02654      2.670     19.435    923.013    100.00
STD:    0.000      0.00    0.00008      0.008      0.042

       28.769   2894.56    0.02669      2.685      9.749    465.716    100.00
STD:    0.000      0.01    0.00016      0.016      0.042

