H
#frequency    half width   %gauss/100.
20778.805      5.47            0.0
20744.989      2.21            0.0
19183.967      2.38            0.0
15361.578      2.30            0.0
14895.550      2.38            0.0
13061.373      2.30            0.0
12715.848      3.09            0.0
11589.108      2.56            0.0
11085.037      3.18            0.0
5591.647       2.47            0.0
3008.589       2.21            0.0
2971.998       2.83            0.0
2952.618       2.74            0.0
2933.251       2.65            0.0
2913.870       2.74            0.0
2894.512       2.74            0.0
