Data set: C:/Users/kathy/OneDrive - Dalhousie University/Graduate School/NMR/RustNMRfit/13C-23Feb16-VANA-1-vial 240/6/pdata/1/

Fit type: Mixed Lorentzian and Gaussian

Fit        Frequency             Width        Intensity       Area     %Lor.
         ppm        Hz        ppm         Hz                           chisq

  1                                                                  8.1e+16

      206.511  20777.65    0.04732      4.761     34.947   2959.915    100.00
STD:    0.000      0.00    0.00010      0.010      0.052


  2                                                                  4.2e+14

      190.668  19183.67    0.02522      2.537     14.357    647.928    100.00
STD:    0.000      0.00    0.00001      0.001      0.003


  3                                                                  3.8e+14

      152.675  15361.08    0.02429      2.444     14.626    635.877    100.00
STD:    0.000      0.00    0.00001      0.001      0.003


  4                                                                  3.2e+14

      148.046  14895.33    0.02415      2.430     14.696    635.143    100.00
STD:    0.000      0.00    0.00001      0.001      0.004


  5                                                                  3.9e+14

      129.821  13061.61    0.02339      2.354     15.087    631.668    100.00
STD:    0.000      0.00    0.00001      0.001      0.004


  6                                                                  1.9e+14

      126.382  12715.62    0.03187      3.206     11.165    636.757    100.00
STD:    0.000      0.00    0.00001      0.001      0.003


  7                                                                  1.8e+14

      115.183  11588.84    0.02594      2.610     13.765    639.004    100.00
STD:    0.000      0.00    0.00001      0.001      0.003


  8                                                                  3.7e+14

      110.172  11084.71    0.03284      3.304     10.869    638.783    100.00
STD:    0.000      0.00    0.00001      0.001      0.002


  9                                                                  4.1e+14

       55.574   5591.42    0.02539      2.554     13.891    631.176    100.00
STD:    0.000      0.00    0.00001      0.001      0.002


 10                                                                  1.8e+15

       29.728   2991.01    0.02666      2.682      4.126    196.903    100.00
STD:    0.000      0.00    0.00007      0.007      0.008

       29.535   2971.64    0.02691      2.707     12.216    588.266    100.00
STD:    0.000      0.00    0.00002      0.002      0.008

       29.343   2952.28    0.02676      2.693     24.383   1167.948    100.00
STD:    0.000      0.00    0.00001      0.001      0.008

       29.150   2932.91    0.02681      2.697     28.349   1360.282    100.00
STD:    0.000      0.00    0.00001      0.001      0.008

       28.958   2913.53    0.02667      2.683     24.329   1161.237    100.00
STD:    0.000      0.00    0.00001      0.001      0.008

       28.765   2894.16    0.02649      2.665     12.138    575.415    100.00
STD:    0.000      0.00    0.00002      0.002      0.008

       28.573   2874.78    0.02584      2.600      4.063    187.921    100.00
STD:    0.000      0.00    0.00007      0.007      0.008

