Data set: C:/Users/kathy/OneDrive - Dalhousie University/Graduate School/NMR/RustNMRfit/13C-22July09-VANB-1-vial 585/7/pdata/1/

Fit type: Mixed Lorentzian and Gaussian

Fit        Frequency             Width        Intensity       Area     %Lor.
         ppm        Hz        ppm         Hz                           chisq

  1                                                                  4.3e+16

      206.521  20778.65    0.05026      5.057     29.112   2618.821    100.00
STD:    0.000      0.00    0.00010      0.010      0.040

      206.187  20745.02    0.02407      2.422     12.537    540.167    100.00
STD:    0.000      0.01    0.00016      0.016      0.058


  2                                                                    2e+15

      190.671  19183.89    0.02825      2.843     14.165    716.274    100.00
STD:    0.000      0.00    0.00002      0.002      0.006


  3                                                                  2.1e+15

      152.683  15361.88    0.02728      2.744     14.411    703.496    100.00
STD:    0.000      0.00    0.00002      0.002      0.007


  4                                                                  2.2e+15

      148.051  14895.78    0.02722      2.738     14.415    702.156    100.00
STD:    0.000      0.00    0.00003      0.003      0.010


  5                                                                  2.3e+15

      129.819  13061.41    0.02631      2.648     14.865    700.089    100.00
STD:    0.000      0.00    0.00003      0.003      0.011


  6                                                                  1.1e+15

      126.379  12715.34    0.03507      3.528     11.375    713.919    100.00
STD:    0.000      0.00    0.00003      0.004      0.008


  7                                                                  1.8e+15

      115.187  11589.27    0.02905      2.923     13.654    709.919    100.00
STD:    0.000      0.00    0.00003      0.003      0.011


  8                                                                  1.2e+15

      110.187  11086.19    0.03584      3.606     11.127    713.705    100.00
STD:    0.000      0.00    0.00002      0.002      0.004


  9                                                                  1.9e+15

       55.581   5592.14    0.02840      2.857     14.096    716.462    100.00
STD:    0.000      0.00    0.00001      0.001      0.005


 10                                                                  4.9e+16

       29.901   3008.40    0.02507      2.522     24.918   1118.105    100.00
STD:    0.000      0.00    0.00007      0.007      0.046

       29.537   2971.77    0.03047      3.066      9.656    526.617    100.00
STD:    0.000      0.01    0.00019      0.019      0.042

       29.344   2952.40    0.02970      2.988     19.423   1032.329    100.00
STD:    0.000      0.00    0.00009      0.009      0.043

       29.152   2933.03    0.02978      2.996     22.602   1204.478    100.00
STD:    0.000      0.00    0.00008      0.008      0.043

       28.959   2913.66    0.02972      2.990     19.371   1030.433    100.00
STD:    0.000      0.00    0.00009      0.009      0.043

       28.767   2894.28    0.02981      2.999      9.670    515.836    100.00
STD:    0.000      0.01    0.00019      0.019      0.043

