H
#frequency    half width   %gauss/100.
20778.680      5.83            0.0
20745.034      2.30            0.0
19183.917      2.65            0.0
15361.909      2.56            0.0
14895.810      2.56            0.0
13061.430      2.47            0.0
12715.386      3.36            0.0
11589.304      2.74            0.0
11086.238      3.44            0.0
5592.168       2.74            0.0
3008.413       2.38            0.0
2971.801       2.91            0.0
2952.428       2.91            0.0
2933.056       3.00            0.0
2913.685       2.91            0.0
2894.313       2.91            0.0
