Data set: C:/Users/kathy/OneDrive - Dalhousie University/Graduate School/NMR/RustNMRfit/13C-22July21-VAN-8-spl1/22July21-VAN-8-spl1/6/pdata/1/

Fit type: Mixed Lorentzian and Gaussian

Fit        Frequency             Width        Intensity       Area     %Lor.
         ppm        Hz        ppm         Hz                           chisq

  1                                                                  4.8e+16

      206.537  20780.27    0.04899      4.929     28.525   2501.206    100.00
STD:    0.000      0.00    0.00010      0.010      0.041

      206.202  20746.59    0.02325      2.340     12.579    523.510    100.00
STD:    0.000      0.01    0.00016      0.016      0.060


  2                                                                  1.3e+15

      190.676  19184.48    0.02722      2.738     14.234    693.301    100.00
STD:    0.000      0.00    0.00001      0.001      0.005


  3                                                                  1.3e+15

      152.684  15361.92    0.02619      2.635     14.492    679.334    100.00
STD:    0.000      0.00    0.00001      0.001      0.006


  4                                                                  1.3e+15

      148.051  14895.85    0.02604      2.620     14.518    676.578    100.00
STD:    0.000      0.00    0.00002      0.002      0.008


  5                                                                  1.3e+15

      129.818  13061.35    0.02521      2.536     14.950    674.472    100.00
STD:    0.000      0.00    0.00002      0.002      0.008


  6                                                                  5.3e+14

      126.381  12715.55    0.03372      3.393     11.393    687.556    100.00
STD:    0.000      0.00    0.00002      0.002      0.006


  7                                                                  9.6e+14

      115.188  11589.34    0.02782      2.799     13.721    683.204    100.00
STD:    0.000      0.00    0.00002      0.002      0.008


  8                                                                  7.2e+14

      110.188  11086.30    0.03448      3.469     11.148    687.877    100.00
STD:    0.000      0.00    0.00001      0.001      0.003


  9                                                                  1.1e+15

       55.580   5592.09    0.02720      2.736     14.150    688.767    100.00
STD:    0.000      0.00    0.00001      0.001      0.004


 10                                                                  4.3e+16

       29.902   3008.49    0.02420      2.435     25.084   1086.348    100.00
STD:    0.000      0.00    0.00006      0.006      0.042

       29.538   2971.87    0.02940      2.958      9.618    506.121    100.00
STD:    0.000      0.01    0.00017      0.017      0.038

       29.345   2952.50    0.02867      2.884     19.321    991.356    100.00
STD:    0.000      0.00    0.00008      0.008      0.039

       29.153   2933.13    0.02862      2.879     22.484   1151.679    100.00
STD:    0.000      0.00    0.00007      0.007      0.039

       28.960   2913.76    0.02849      2.866     19.291    983.639    100.00
STD:    0.000      0.00    0.00008      0.008      0.039

       28.768   2894.38    0.02840      2.857      9.606    488.200    100.00
STD:    0.000      0.01    0.00017      0.017      0.039

