Data set: C:/Users/kathy/OneDrive - Dalhousie University/Graduate School/NMR/RustNMRfit/13C-22July21-VAN-8-spl1/22July21-VAN-8-spl1/4/pdata/1/

Fit type: Mixed Lorentzian and Gaussian

Fit        Frequency             Width        Intensity       Area     %Lor.
         ppm        Hz        ppm         Hz                           chisq

  1                                                                  4.8e+16

      206.534  20779.99    0.04896      4.926     28.539   2500.987    100.00
STD:    0.000      0.00    0.00010      0.010      0.041

      206.200  20746.31    0.02336      2.351     12.593    526.560    100.00
STD:    0.000      0.01    0.00016      0.016      0.060


  2                                                                  1.4e+15

      190.675  19184.38    0.02718      2.735     14.220    691.690    100.00
STD:    0.000      0.00    0.00001      0.001      0.005


  3                                                                  1.3e+15

      152.684  15361.92    0.02614      2.630     14.500    678.329    100.00
STD:    0.000      0.00    0.00001      0.001      0.006


  4                                                                  1.3e+15

      148.051  14895.87    0.02607      2.623     14.517    677.268    100.00
STD:    0.000      0.00    0.00002      0.002      0.008


  5                                                                  1.3e+15

      129.818  13061.38    0.02525      2.540     14.948    675.422    100.00
STD:    0.000      0.00    0.00002      0.002      0.008


  6                                                                  5.3e+14

      126.381  12715.51    0.03375      3.395     11.382    687.488    100.00
STD:    0.000      0.00    0.00002      0.002      0.006


  7                                                                  8.6e+14

      115.187  11589.33    0.02782      2.799     13.736    683.822    100.00
STD:    0.000      0.00    0.00002      0.002      0.007


  8                                                                    7e+14

      110.188  11086.29    0.03450      3.471     11.128    687.053    100.00
STD:    0.000      0.00    0.00001      0.001      0.003


  9                                                                    1e+15

       55.580   5592.09    0.02722      2.739     14.144    689.027    100.00
STD:    0.000      0.00    0.00001      0.001      0.004


 10                                                                  4.3e+16

       29.901   3008.47    0.02418      2.433     25.143   1088.207    100.00
STD:    0.000      0.00    0.00006      0.006      0.042

       29.538   2971.86    0.02944      2.962      9.642    508.133    100.00
STD:    0.000      0.01    0.00017      0.017      0.038

       29.345   2952.49    0.02862      2.880     19.363    991.889    100.00
STD:    0.000      0.00    0.00008      0.008      0.039

       29.153   2933.11    0.02855      2.872     22.537   1151.479    100.00
STD:    0.000      0.00    0.00007      0.007      0.039

       28.960   2913.74    0.02841      2.858     19.337    983.106    100.00
STD:    0.000      0.00    0.00008      0.008      0.039

       28.767   2894.37    0.02836      2.854      9.629    488.783    100.00
STD:    0.000      0.01    0.00017      0.017      0.039

