Data set: C:/Users/kathy/OneDrive - Dalhousie University/Graduate School/NMR/RustNMRfit/13C-22July09-VANB-1-vial 585/4/pdata/1/

Fit type: Mixed Lorentzian and Gaussian

Fit        Frequency             Width        Intensity       Area     %Lor.
         ppm        Hz        ppm         Hz                           chisq

  1                                                                  4.2e+16

      206.517  20778.21    0.05044      5.075     29.327   2647.421    100.00
STD:    0.000      0.00    0.00010      0.010      0.040

      206.182  20744.58    0.02423      2.438     12.532    543.428    100.00
STD:    0.000      0.01    0.00016      0.016      0.058


  2                                                                  1.9e+15

      190.669  19183.71    0.02854      2.871     14.162    723.330    100.00
STD:    0.000      0.00    0.00002      0.002      0.006


  3                                                                    2e+15

      152.683  15361.89    0.02750      2.767     14.400    708.755    100.00
STD:    0.000      0.00    0.00002      0.002      0.007


  4                                                                    2e+15

      148.051  14895.81    0.02733      2.749     14.424    705.439    100.00
STD:    0.000      0.00    0.00003      0.003      0.010


  5                                                                  2.2e+15

      129.819  13061.44    0.02646      2.662     14.855    703.377    100.00
STD:    0.000      0.00    0.00003      0.003      0.011


  6                                                                    1e+15

      126.378  12715.24    0.03522      3.543     11.395    718.295    100.00
STD:    0.000      0.00    0.00004      0.004      0.008


  7                                                                  1.6e+15

      115.187  11589.24    0.02918      2.936     13.671    714.004    100.00
STD:    0.000      0.00    0.00003      0.003      0.010


  8                                                                  1.2e+15

      110.186  11086.16    0.03607      3.629     11.153    720.032    100.00
STD:    0.000      0.00    0.00002      0.002      0.004


  9                                                                    2e+15

       55.580   5592.09    0.02858      2.875     14.094    720.846    100.00
STD:    0.000      0.00    0.00002      0.002      0.005


 10                                                                  4.9e+16

       29.900   3008.32    0.02526      2.541     24.947   1127.748    100.00
STD:    0.000      0.00    0.00007      0.007      0.047

       29.536   2971.70    0.03043      3.062      9.705    528.605    100.00
STD:    0.000      0.01    0.00019      0.019      0.043

       29.343   2952.32    0.02987      3.005     19.496   1042.133    100.00
STD:    0.000      0.00    0.00009      0.009      0.043

       29.151   2932.95    0.02999      3.017     22.686   1217.496    100.00
STD:    0.000      0.00    0.00008      0.008      0.043

       28.958   2913.58    0.02994      3.012     19.447   1042.104    100.00
STD:    0.000      0.00    0.00009      0.010      0.043

       28.766   2894.21    0.03015      3.033      9.716    524.268    100.00
STD:    0.000      0.01    0.00019      0.019      0.043

