H
#frequency    half width   %gauss/100.
20778.236      5.83            0.0
20744.588      2.38            0.0
19183.734      2.65            0.0
15361.915      2.56            0.0
14895.832      2.47            0.0
13061.462      2.47            0.0
12715.280      3.36            0.0
11589.275      2.74            0.0
11086.213      3.44            0.0
5592.123       2.65            0.0
3008.340       2.38            0.0
2971.729       3.00            0.0
2952.356       2.91            0.0
2932.985       3.00            0.0
2913.613       2.91            0.0
2894.241       2.91            0.0
