Data set: C:/Users/kathy/OneDrive - Dalhousie University/Graduate School/NMR/RustNMRfit/13C-VAN-1 exp 4-9/7/pdata/1/

Fit type: Mixed Lorentzian and Gaussian

Fit        Frequency             Width        Intensity       Area     %Lor.
         ppm        Hz        ppm         Hz                           chisq

  1                                                                  4.5e+16

      206.523  20778.88    0.04935      4.965     28.758   2539.994    100.00
STD:    0.000      0.00    0.00010      0.010      0.040

      206.189  20745.20    0.02311      2.326     12.688    524.898    100.00
STD:    0.000      0.01    0.00015      0.015      0.059


  2                                                                  1.3e+15

      190.671  19183.95    0.02735      2.751     14.260    697.894    100.00
STD:    0.000      0.00    0.00001      0.001      0.005


  3                                                                  1.3e+15

      152.683  15361.87    0.02642      2.658     14.458    683.695    100.00
STD:    0.000      0.00    0.00002      0.002      0.006


  4                                                                  1.4e+15

      148.051  14895.80    0.02629      2.646     14.513    683.024    100.00
STD:    0.000      0.00    0.00002      0.002      0.008


  5                                                                  1.5e+15

      129.819  13061.45    0.02540      2.555     14.930    678.600    100.00
STD:    0.000      0.00    0.00002      0.002      0.009


  6                                                                    7e+14

      126.379  12715.35    0.03403      3.424     11.342    690.837    100.00
STD:    0.000      0.00    0.00003      0.003      0.006


  7                                                                  1.1e+15

      115.187  11589.27    0.02808      2.825     13.665    686.637    100.00
STD:    0.000      0.00    0.00002      0.002      0.008


  8                                                                  8.6e+14

      110.187  11086.23    0.03476      3.497     11.089    689.800    100.00
STD:    0.000      0.00    0.00002      0.002      0.003


  9                                                                  1.3e+15

       55.580   5592.11    0.02753      2.770     13.908    685.284    100.00
STD:    0.000      0.00    0.00001      0.001      0.004


 10                                                                  4.6e+16

       29.901   3008.37    0.02430      2.445     25.153   1094.123    100.00
STD:    0.000      0.00    0.00006      0.006      0.044

       29.537   2971.75    0.02948      2.966      9.665    509.924    100.00
STD:    0.000      0.01    0.00017      0.017      0.040

       29.344   2952.38    0.02880      2.898     19.423   1001.261    100.00
STD:    0.000      0.00    0.00009      0.009      0.041

       29.151   2933.01    0.02889      2.907     22.596   1168.538    100.00
STD:    0.000      0.00    0.00007      0.007      0.041

       28.959   2913.64    0.02877      2.894     19.394    998.533    100.00
STD:    0.000      0.00    0.00009      0.009      0.041

       28.766   2894.27    0.02887      2.905      9.669    499.665    100.00
STD:    0.000      0.01    0.00017      0.018      0.041

